accuraacy: 0.7027027027027027
kappa_score: 0.6408823080382746

[[312   3  51  13  52  11  49]
 [  8  39   1   1   3   2   1]
 [ 61   4 270  15  90  37  51]
 [ 20   0  13 781  16  20  29]
 [ 57   2  84  20 316   3 112]
 [ 10   1  32  14   3 343  13]
 [ 25   0  29  25  74  12 461]]
 
 
Normalized confusion matrix:

[[0.63543788 0.00610998 0.10386965 0.02647658 0.10590631 0.02240326 0.09979633]
 [0.14545455 0.70909091 0.01818182 0.01818182 0.05454545 0.03636364 0.01818182]
 [0.1155303  0.00757576 0.51136364 0.02840909 0.17045455 0.07007576 0.09659091]
 [0.02275313 0.         0.01478953 0.88850967 0.0182025  0.02275313 0.03299204]
 [0.0959596  0.003367   0.14141414 0.03367003 0.53198653 0.00505051 0.18855219]
 [0.02403846 0.00240385 0.07692308 0.03365385 0.00721154 0.82451923 0.03125   ]
 [0.0399361  0.         0.04632588 0.0399361  0.11821086 0.01916933 0.73642173]]
 
 
 
# the best result matrix:70.13%
matrix = [[311, 39, 11, 73, 5, 48],
 		   [ 12, 38, 1, 1, 1, 1, 1],
  		   [ 74, 2, 264, 18, 91, 39, 40],
  		   [ 23, 0, 11, 785, 24, 9, 27],
  		   [ 60, 1, 56, 29, 346, 6, 96],
  		   [ 10, 1, 33, 20, 7, 336, 9],
  		   [ 31, 2, 34, 30, 87, 5, 437]]
